0 0
0.001 2.5e-07
0.002 5e-07
0.003 7.5e-07
0.004 1e-06
0.005 1.25e-06
0.006 1.5e-06
0.007 1.75e-06
0.008 2e-06
0.009 2.25e-06
0.01 2.5e-06
0.011 2.75e-06
0.012 3e-06
0.013 3.25e-06
0.014 3.5e-06
0.015 3.75e-06
0.016 4e-06
0.017 4.25e-06
0.018 4.5e-06
0.019 4.75e-06
0.02 5e-06
0.021 5.25e-06
0.022 5.5e-06
0.023 5.75e-06
0.024 6e-06
0.025 6.25e-06
0.026 6.5e-06
0.027 6.75e-06
0.028 7e-06
0.029 7.25e-06
0.03 7.5e-06
0.031 7.75e-06
0.032 8e-06
0.033 8.25e-06
0.034 8.5e-06
0.035 8.75e-06
0.036 9e-06
0.037 9.25e-06
0.038 9.5e-06
0.039 9.75e-06
0.04 1e-05
0.041 1.025e-05
0.042 1.05e-05
0.043 1.075e-05
0.044 1.1e-05
0.045 1.125e-05
0.046 1.15e-05
0.047 1.175e-05
0.048 1.2e-05
0.049 1.225e-05
0.05 1.25e-05
0.051 1.275e-05
0.052 1.3e-05
0.053 1.325e-05
0.054 1.35e-05
0.055 1.375e-05
0.056 1.4e-05
0.057 1.425e-05
0.058 1.45e-05
0.059 1.475e-05
0.06 1.5e-05
0.061 1.525e-05
0.062 1.55e-05
0.063 1.575e-05
0.064 1.6e-05
0.065 1.625e-05
0.066 1.65e-05
0.067 1.675e-05
0.068 1.7e-05
0.069 1.725e-05
0.07 1.75e-05
0.071 1.775e-05
0.072 1.79999e-05
0.073 1.825e-05
0.074 1.84999e-05
0.075 1.875e-05
0.076 1.89998e-05
0.077 1.925e-05
0.078 1.94997e-05
0.079 1.97499e-05
0.08 1.99996e-05
0.081 2.02499e-05
0.082 2.04994e-05
0.083 2.07498e-05
0.084 2.09991e-05
0.085 2.12497e-05
0.086 2.14987e-05
0.087 2.17495e-05
0.088 2.1998e-05
0.089 2.22491e-05
0.09 2.24971e-05
0.091 2.27487e-05
0.092 2.29959e-05
0.093 2.3248e-05
0.094 2.34941e-05
0.095 2.37469e-05
0.096 2.39915e-05
0.097 2.42454e-05
0.098 2.4488e-05
0.099 2.47431e-05
0.1 2.49831e-05
0.101 2.52399e-05
0.102 2.54765e-05
0.103 2.57354e-05
0.104 2.59673e-05
0.105 2.6229e-05
0.106 2.6455e-05
0.107 2.67201e-05
0.108 2.69384e-05
0.109 2.72078e-05
0.11 2.74162e-05
0.111 2.7691e-05
0.112 2.78868e-05
0.113 2.81681e-05
0.114 2.83481e-05
0.115 2.86373e-05
0.116 2.87975e-05
0.117 2.90963e-05
0.118 2.92319e-05
0.119 2.9542e-05
0.12 2.96472e-05
0.121 2.99707e-05
0.122 3.00386e-05
0.123 3.03778e-05
0.124 3.04005e-05
0.125 3.07576e-05
0.126 3.0726e-05
0.127 3.11036e-05
0.128 3.10067e-05
0.129 3.14074e-05
0.13 3.12331e-05
0.131 3.16595e-05
0.132 3.13939e-05
0.133 3.18485e-05
0.134 3.14761e-05
0.135 3.19611e-05
0.136 3.14644e-05
0.137 3.19819e-05
0.138 3.13419e-05
0.139 3.18933e-05
0.14 3.10891e-05
0.141 3.16752e-05
0.142 3.06842e-05
0.143 3.1305e-05
0.144 3.0103e-05
0.145 3.07573e-05
0.146 2.93186e-05
0.147 3.00042e-05
0.148 2.83016e-05
0.149 2.90148e-05
0.15 2.70201e-05
0.151 2.77555e-05
0.152 2.54396e-05
0.153 2.61901e-05
0.154 2.35233e-05
0.155 2.42798e-05
0.156 2.12319e-05
0.157 2.19832e-05
0.158 1.85242e-05
0.159 1.92572e-05
0.16 1.53572e-05
0.161 1.60562e-05
0.162 1.16862e-05
0.163 1.23336e-05
0.164 7.46523e-06
0.165 8.04121e-06
0.166 2.64748e-06
0.167 3.13013e-06
0.168 6.10017e-06
0.169 8.91603e-06
0.17 1.15836e-05
0.171 1.41087e-05
0.172 1.64972e-05
0.173 1.87548e-05
0.174 2.08871e-05
0.175 2.28998e-05
0.176 2.47984e-05
0.177 2.65883e-05
0.178 2.82747e-05
0.179 2.98629e-05
0.18 3.1358e-05
0.181 3.27648e-05
0.182 3.40882e-05
0.183 3.53328e-05
0.184 3.65032e-05
0.185 3.76037e-05
0.186 3.86385e-05
0.187 3.96116e-05
0.188 4.0527e-05
0.189 4.13883e-05
0.19 4.21992e-05
0.191 4.29631e-05
0.192 4.36832e-05
0.193 4.43625e-05
0.194 4.50042e-05
0.195 4.56108e-05
0.196 4.61852e-05
0.197 4.67296e-05
0.198 4.72466e-05
0.199 4.77382e-05
0.2 4.82065e-05
0.201 4.86536e-05
0.202 4.90811e-05
0.203 4.94907e-05
0.204 4.98841e-05
0.205 5.02627e-05
0.206 5.06278e-05
0.207 5.09806e-05
0.208 5.13224e-05
0.209 5.16541e-05
0.21 5.19768e-05
0.211 5.22914e-05
0.212 5.25986e-05
0.213 5.28993e-05
0.214 5.3194e-05
0.215 5.34835e-05
0.216 5.37682e-05
0.217 5.40487e-05
0.218 5.43256e-05
0.219 5.4599e-05
0.22 5.48696e-05
0.221 5.51375e-05
0.222 5.54031e-05
0.223 5.56667e-05
0.224 5.59285e-05
0.225 5.61887e-05
0.226 5.64476e-05
0.227 5.67052e-05
0.228 5.69618e-05
0.229 5.72175e-05
0.23 5.74724e-05
0.231 5.77266e-05
0.232 5.79801e-05
0.233 5.82332e-05
0.234 5.84858e-05
0.235 5.8738e-05
0.236 5.89899e-05
0.237 5.92415e-05
0.238 5.94928e-05
0.239 5.97439e-05
0.24 5.99949e-05
0.241 6.02456e-05
0.242 6.04962e-05
0.243 6.07467e-05
0.244 6.09971e-05
0.245 6.12474e-05
0.246 6.14976e-05
0.247 6.17477e-05
0.248 6.19977e-05
0.249 6.22476e-05
0.25 6.24975e-05
0.251 6.27472e-05
0.252 6.29969e-05
0.253 6.32464e-05
0.254 6.34958e-05
0.255 6.3745e-05
0.256 6.39941e-05
0.257 6.4243e-05
0.258 6.44916e-05
0.259 6.474e-05
0.26 6.49881e-05
0.261 6.52358e-05
0.262 6.54831e-05
0.263 6.57299e-05
0.264 6.59761e-05
0.265 6.62216e-05
0.266 6.64664e-05
0.267 6.67102e-05
0.268 6.6953e-05
0.269 6.71946e-05
0.27 6.74348e-05
0.271 6.76735e-05
0.272 6.79102e-05
0.273 6.81449e-05
0.274 6.83771e-05
0.275 6.86066e-05
0.276 6.88329e-05
0.277 6.90556e-05
0.278 6.92743e-05
0.279 6.94883e-05
0.28 6.96971e-05
0.281 6.99001e-05
0.282 7.00963e-05
0.283 7.0285e-05
0.284 7.04653e-05
0.285 7.06362e-05
0.286 7.07964e-05
0.287 7.09448e-05
0.288 7.108e-05
0.289 7.12005e-05
0.29 7.13047e-05
0.291 7.13907e-05
0.292 7.14566e-05
0.293 7.15003e-05
0.294 7.15194e-05
0.295 7.15115e-05
0.296 7.14739e-05
0.297 7.14036e-05
0.298 7.12975e-05
0.299 7.11523e-05
0.3 7.09642e-05
0.301 7.07296e-05
0.302 7.0444e-05
0.303 7.01034e-05
0.304 6.97028e-05
0.305 6.92373e-05
0.306 6.87017e-05
0.307 6.80903e-05
0.308 6.73973e-05
0.309 6.66165e-05
0.31 6.57413e-05
0.311 6.47649e-05
0.312 6.36801e-05
0.313 6.24796e-05
0.314 6.11553e-05
0.315 5.96992e-05
0.316 5.81029e-05
0.317 5.63577e-05
0.318 5.44544e-05
0.319 5.23838e-05
0.32 5.01362e-05
0.321 4.77017e-05
0.322 4.50701e-05
0.323 4.22312e-05
0.324 3.9174e-05
0.325 3.5888e-05
0.326 3.2362e-05
0.327 2.85848e-05
0.328 2.45449e-05
0.329 2.0231e-05
0.33 1.56313e-05
0.331 1.07341e-05
0.332 5.5276e-06
0.333 6.01025e-06
0.334 1.68345e-05
0.335 1.70821e-05
0.336 2.6911e-05
0.337 2.69675e-05
0.338 3.5854e-05
0.339 3.57596e-05
0.34 4.37587e-05
0.341 4.35496e-05
0.342 5.07179e-05
0.343 5.04265e-05
0.344 5.68214e-05
0.345 5.64759e-05
0.346 6.21551e-05
0.347 6.17796e-05
0.348 6.68007e-05
0.349 6.64157e-05
0.35 7.08353e-05
0.351 7.04573e-05
0.352 7.43309e-05
0.353 7.39731e-05
0.354 7.73541e-05
0.355 7.70266e-05
0.356 7.99661e-05
0.357 7.96761e-05
0.358 8.22227e-05
0.359 8.19751e-05
0.36 8.41742e-05
0.361 8.39717e-05
0.362 8.58658e-05
0.363 8.57092e-05
0.364 8.73375e-05
0.365 8.72263e-05
0.366 8.86244e-05
0.367 8.85571e-05
0.368 8.97573e-05
0.369 8.97314e-05
0.37 9.07628e-05
0.371 9.07753e-05
0.372 9.16636e-05
0.373 9.17112e-05
0.374 9.24791e-05
0.375 9.25583e-05
0.376 9.32257e-05
0.377 9.33328e-05
0.378 9.3917e-05
0.379 9.40485e-05
0.38 9.45643e-05
0.381 9.47169e-05
0.382 9.51768e-05
0.383 9.53475e-05
0.384 9.57621e-05
0.385 9.59481e-05
0.386 9.63262e-05
0.387 9.6525e-05
0.388 9.68741e-05
0.389 9.70834e-05
0.39 9.74095e-05
0.391 9.76275e-05
0.392 9.79355e-05
0.393 9.81605e-05
0.394 9.84544e-05
0.395 9.8685e-05
0.396 9.8968e-05
0.397 9.92031e-05
0.398 9.94777e-05
0.399 9.97164e-05
0.4 9.99846e-05
0.401 0.000100226
0.402 0.000100489
0.403 0.000100733
0.404 0.000100993
0.405 0.000101238
0.406 0.000101495
0.407 0.000101741
0.408 0.000101996
0.409 0.000102244
0.41 0.000102497
0.411 0.000102745
0.412 0.000102997
0.413 0.000103246
0.414 0.000103497
0.415 0.000103746
0.416 0.000103997
0.417 0.000104246
0.418 0.000104496
0.419 0.000104744
0.42 0.000104994
0.421 0.000105242
0.422 0.000105491
0.423 0.000105739
0.424 0.000105988
0.425 0.000106235
0.426 0.000106482
0.427 0.000106729
0.428 0.000106975
0.429 0.00010722
0.43 0.000107464
0.431 0.000107707
0.432 0.00010795
0.433 0.00010819
0.434 0.00010843
0.435 0.000108667
0.436 0.000108902
0.437 0.000109135
0.438 0.000109365
0.439 0.000109592
0.44 0.000109816
0.441 0.000110035
0.442 0.00011025
0.443 0.000110459
0.444 0.000110662
0.445 0.000110858
0.446 0.000111046
0.447 0.000111226
0.448 0.000111395
0.449 0.000111553
0.45 0.000111699
0.451 0.00011183
0.452 0.000111946
0.453 0.000112043
0.454 0.000112121
0.455 0.000112177
0.456 0.000112209
0.457 0.000112213
0.458 0.000112187
0.459 0.000112128
0.46 0.000112032
0.461 0.000111896
0.462 0.000111715
0.463 0.000111485
0.464 0.000111201
0.465 0.000110859
0.466 0.000110452
0.467 0.000109976
0.468 0.000109424
0.469 0.000108789
0.47 0.000108064
0.471 0.000107242
0.472 0.000106314
0.473 0.000105274
0.474 0.00010411
0.475 0.000102816
0.476 0.00010138
0.477 9.97919e-05
0.478 9.80417e-05
0.479 9.6118e-05
0.48 9.40089e-05
0.481 9.17025e-05
0.482 8.91858e-05
0.483 8.6446e-05
0.484 8.34692e-05
0.485 8.02418e-05
0.486 7.67491e-05
0.487 7.29764e-05
0.488 6.89084e-05
0.489 6.45296e-05
0.49 5.98239e-05
0.491 5.47752e-05
0.492 4.93668e-05
0.493 4.3582e-05
0.494 3.74037e-05
0.495 3.08146e-05
0.496 2.37973e-05
0.497 1.63343e-05
0.498 8.40773e-06
0.499 8.89038e-06
0.5 2.51097e-05
0.501 2.52481e-05
0.502 3.99663e-05
0.503 3.98262e-05
0.504 5.31227e-05
0.505 5.27643e-05
0.506 6.47219e-05
0.507 6.41995e-05
0.508 7.4903e-05
0.509 7.42648e-05
0.51 8.38009e-05
0.511 8.30888e-05
0.512 9.15444e-05
0.513 9.07945e-05
0.514 9.82563e-05
0.515 9.74985e-05
0.516 0.000104052
0.517 0.000103311
0.518 0.00010904
0.519 0.000108335
0.52 0.000113319
0.521 0.000112665
0.522 0.000116982
0.523 0.000116389
0.524 0.000120113
0.525 0.000119588
0.526 0.000122786
0.527 0.000122333
0.528 0.00012507
0.529 0.000124689
0.53 0.000127024
0.531 0.000126715
0.532 0.000128702
0.533 0.000128461
0.534 0.000130148
0.535 0.000129972
0.536 0.000131405
0.537 0.000131288
0.538 0.000132504
0.539 0.000132442
0.54 0.000133476
0.541 0.000133462
0.542 0.000134344
0.543 0.000134374
0.544 0.00013513
0.545 0.000135198
0.546 0.00013585
0.547 0.00013595
0.548 0.000136518
0.549 0.000136646
0.55 0.000137145
0.551 0.000137297
0.552 0.000137741
0.553 0.000137912
0.554 0.000138313
0.555 0.0001385
0.556 0.000138865
0.557 0.000139066
0.558 0.000139404
0.559 0.000139616
0.56 0.000139932
0.561 0.000140153
0.562 0.000140453
0.563 0.00014068
0.564 0.000140967
0.565 0.0001412
0.566 0.000141477
0.567 0.000141714
0.568 0.000141985
0.569 0.000142225
0.57 0.00014249
0.571 0.000142732
0.572 0.000142993
0.573 0.000143238
0.574 0.000143495
0.575 0.000143741
0.576 0.000143997
0.577 0.000144244
0.578 0.000144498
0.579 0.000144745
0.58 0.000144998
0.581 0.000145246
0.582 0.000145498
0.583 0.000145747
0.584 0.000145998
0.585 0.000146246
0.586 0.000146497
0.587 0.000146745
0.588 0.000146995
0.589 0.000147244
0.59 0.000147493
0.591 0.000147741
0.592 0.000147989
0.593 0.000148237
0.594 0.000148484
0.595 0.00014873
0.596 0.000148976
0.597 0.000149221
0.598 0.000149465
0.599 0.000149708
0.6 0.000149949
0.601 0.000150189
0.602 0.000150426
0.603 0.000150663
0.604 0.000150895
0.605 0.000151126
0.606 0.000151352
0.607 0.000151575
0.608 0.000151792
0.609 0.000152006
0.61 0.000152212
0.611 0.000152413
0.612 0.000152603
0.613 0.000152787
0.614 0.000152958
0.615 0.00015312
0.616 0.000153265
0.617 0.0001534
0.618 0.000153512
0.619 0.00015361
0.62 0.000153681
0.621 0.000153734
0.622 0.000153752
0.623 0.000153747
0.624 0.000153701
0.625 0.000153625
0.626 0.000153498
0.627 0.000153333
0.628 0.000153106
0.629 0.000152833
0.63 0.000152485
0.631 0.00015208
0.632 0.000151586
0.633 0.000151021
0.634 0.00015035
0.635 0.000149593
0.636 0.000148713
0.637 0.000147728
0.638 0.000146598
0.639 0.000145345
0.64 0.000143922
0.641 0.000142353
0.642 0.000140588
0.643 0.000138652
0.644 0.000136491
0.645 0.00013413
0.646 0.000131513
0.647 0.000128665
0.648 0.000125526
0.649 0.000122122
0.65 0.000118391
0.651 0.000114358
0.652 0.000109959
0.653 0.000105218
0.654 0.00010007
0.655 9.45387e-05
0.656 8.85558e-05
0.657 8.21467e-05
0.658 7.52405e-05
0.659 6.78624e-05
0.66 5.99404e-05
0.661 5.14995e-05
0.662 4.24668e-05
0.663 3.2867e-05
0.664 2.26267e-05
0.665 1.17705e-05
0.666 2.29007e-05
0.667 3.34141e-05
0.668 4.33344e-05
0.669 5.26849e-05
0.67 6.14889e-05
0.671 6.97691e-05
0.672 7.75485e-05
0.673 8.48493e-05
0.674 9.16937e-05
0.675 9.81031e-05
0.676 0.000104099
0.677 0.000109702
0.678 0.000114932
0.679 0.000119809
0.68 0.000124353
0.681 0.000128581
0.682 0.000132513
0.683 0.000136165
0.684 0.000139554
0.685 0.000142696
0.686 0.000145608
0.687 0.000148303
0.688 0.000150797
0.689 0.000153102
0.69 0.000155233
0.691 0.0001572
0.692 0.000159017
0.693 0.000160693
0.694 0.000162241
0.695 0.000163668
0.696 0.000164986
0.697 0.000166203
0.698 0.000167326
0.699 0.000168364
0.7 0.000169324
0.701 0.000170213
0.702 0.000171036
0.703 0.000171801
0.704 0.000172511
0.705 0.000173172
0.706 0.00017379
0.707 0.000174367
0.708 0.000174907
0.709 0.000175416
0.71 0.000175895
0.711 0.000176347
0.712 0.000176776
0.713 0.000177184
0.714 0.000177573
0.715 0.000177945
0.716 0.000178302
0.717 0.000178646
0.718 0.000178978
0.719 0.0001793
0.72 0.000179612
0.721 0.000179917
0.722 0.000180214
0.723 0.000180505
0.724 0.00018079
0.725 0.000181071
0.726 0.000181347
0.727 0.00018162
0.728 0.00018189
0.729 0.000182156
0.73 0.000182421
0.731 0.000182683
0.732 0.000182943
0.733 0.000183202
0.734 0.00018346
0.735 0.000183716
0.736 0.000183971
0.737 0.000184226
0.738 0.00018448
0.739 0.000184733
0.74 0.000184985
0.741 0.000185238
0.742 0.000185489
0.743 0.000185741
0.744 0.000185992
0.745 0.000186242
0.746 0.000186493
0.747 0.000186743
0.748 0.000186993
0.749 0.000187242
0.75 0.000187491
0.751 0.00018774
0.752 0.000187989
0.753 0.000188237
0.754 0.000188485
0.755 0.000188732
0.756 0.000188979
0.757 0.000189225
0.758 0.00018947
0.759 0.000189714
0.76 0.000189958
0.761 0.0001902
0.762 0.00019044
0.763 0.000190679
0.764 0.000190916
0.765 0.000191151
0.766 0.000191383
0.767 0.000191612
0.768 0.000191837
0.769 0.000192059
0.77 0.000192276
0.771 0.000192488
0.772 0.000192693
0.773 0.000192892
0.774 0.000193083
0.775 0.000193265
0.776 0.000193437
0.777 0.000193597
0.778 0.000193744
0.779 0.000193877
0.78 0.000193993
0.781 0.00019409
0.782 0.000194166
0.783 0.000194218
0.784 0.000194244
0.785 0.000194241
0.786 0.000194204
0.787 0.000194131
0.788 0.000194017
0.789 0.000193858
0.79 0.000193648
0.791 0.000193384
0.792 0.000193057
0.793 0.000192664
0.794 0.000192196
0.795 0.000191647
0.796 0.000191008
0.797 0.000190272
0.798 0.000189429
0.799 0.000188469
0.8 0.000187383
0.801 0.000186159
0.802 0.000184785
0.803 0.00018325
0.804 0.000181539
0.805 0.00017964
0.806 0.000177537
0.807 0.000175214
0.808 0.000172656
0.809 0.000169846
0.81 0.000166765
0.811 0.000163395
0.812 0.000159716
0.813 0.000155709
0.814 0.000151351
0.815 0.000146622
0.816 0.000141499
0.817 0.000135958
0.818 0.000129975
0.819 0.000123526
0.82 0.000116585
0.821 0.000109126
0.822 0.000101124
0.823 9.25494e-05
0.824 8.33763e-05
0.825 7.35764e-05
0.826 6.31211e-05
0.827 5.19818e-05
0.828 4.01294e-05
0.829 2.75346e-05
0.83 1.4168e-05
0.831 2.82995e-05
0.832 4.16603e-05
0.833 5.42235e-05
0.834 6.60769e-05
0.835 7.71934e-05
0.836 8.76601e-05
0.837 9.74497e-05
0.838 0.000106648
0.839 0.000115228
0.84 0.000123273
0.841 0.000130756
0.842 0.00013776
0.843 0.000144255
0.844 0.000150323
0.845 0.000155935
0.846 0.000161167
0.847 0.000165993
0.848 0.000170485
0.849 0.000174616
0.85 0.000178457
0.851 0.000181979
0.852 0.000185249
0.853 0.00018824
0.854 0.000191014
0.855 0.000193545
0.856 0.000195892
0.857 0.000198029
0.858 0.000200009
0.859 0.000201809
0.86 0.000203477
0.861 0.000204992
0.862 0.000206397
0.863 0.000207671
0.864 0.000208856
0.865 0.00020993
0.866 0.000210931
0.867 0.000211839
0.868 0.000212688
0.869 0.00021346
0.87 0.000214185
0.871 0.000214846
0.872 0.000215469
0.873 0.00021604
0.874 0.000216582
0.875 0.000217081
0.876 0.000217556
0.877 0.000217998
0.878 0.000218422
0.879 0.000218818
0.88 0.000219201
0.881 0.000219562
0.882 0.000219912
0.883 0.000220246
0.884 0.000220571
0.885 0.000220883
0.886 0.000221189
0.887 0.000221485
0.888 0.000221777
0.889 0.000222061
0.89 0.000222341
0.891 0.000222616
0.892 0.000222888
0.893 0.000223155
0.894 0.000223422
0.895 0.000223684
0.896 0.000223946
0.897 0.000224204
0.898 0.000224463
0.899 0.000224719
0.9 0.000224974
0.901 0.000225229
0.902 0.000225483
0.903 0.000225736
0.904 0.000225988
0.905 0.00022624
0.906 0.000226492
0.907 0.000226743
0.908 0.000226994
0.909 0.000227245
0.91 0.000227496
0.911 0.000227746
0.912 0.000227996
0.913 0.000228246
0.914 0.000228496
0.915 0.000228746
0.916 0.000228996
0.917 0.000229245
0.918 0.000229494
0.919 0.000229743
0.92 0.000229992
0.921 0.00023024
0.922 0.000230488
0.923 0.000230736
0.924 0.000230983
0.925 0.000231229
0.926 0.000231475
0.927 0.00023172
0.928 0.000231964
0.929 0.000232208
0.93 0.000232449
0.931 0.00023269
0.932 0.000232928
0.933 0.000233165
0.934 0.000233399
0.935 0.000233631
0.936 0.000233859
0.937 0.000234084
0.938 0.000234304
0.939 0.00023452
0.94 0.00023473
0.941 0.000234934
0.942 0.000235131
0.943 0.000235319
0.944 0.000235498
0.945 0.000235666
0.946 0.000235822
0.947 0.000235963
0.948 0.00023609
0.949 0.000236198
0.95 0.000236286
0.951 0.000236352
0.952 0.000236393
0.953 0.000236405
0.954 0.000236385
0.955 0.00023633
0.956 0.000236235
0.957 0.000236095
0.958 0.000235907
0.959 0.000235664
0.96 0.00023536
0.961 0.00023499
0.962 0.000234546
0.963 0.000234021
0.964 0.000233406
0.965 0.000232694
0.966 0.000231873
0.967 0.000230935
0.968 0.000229868
0.969 0.000228662
0.97 0.000227302
0.971 0.000225776
0.972 0.00022407
0.973 0.00022217
0.974 0.000220058
0.975 0.000217719
0.976 0.000215134
0.977 0.000212286
0.978 0.000209153
0.979 0.000205717
0.98 0.000201954
0.981 0.000197844
0.982 0.000193362
0.983 0.000188483
0.984 0.000183183
0.985 0.000177436
0.986 0.000171213
0.987 0.000164487
0.988 0.000157229
0.989 0.00014941
0.99 0.000140998
0.991 0.000131962
0.992 0.000122271
0.993 0.000111892
0.994 0.000100791
0.995 8.8935e-05
0.996 7.62897e-05
0.997 6.28205e-05
0.998 4.84922e-05
0.999 3.32697e-05
1 1.71175e-05
